71109 YZT Port Hardy Observations at 12Z 02 Feb 2012
-----------------------------------------------------------------------------
   PRES   HGHT   TEMP   DWPT   RELH   MIXR   DRCT   SKNT   THTA   THTE   THTV
    hPa     m      C      C      %    g/kg    deg   knot     K      K      K 
-----------------------------------------------------------------------------
 1024.0     17    5.0    3.5     90   4.83    120     17  276.3  289.5  277.1
 1000.0    212    3.2    1.4     88   4.25    110     29  276.4  288.1  277.1
  988.6    305    2.4    1.1     91   4.20    110     33  276.5  288.1  277.2
  980.0    375    1.8    0.8     93   4.16    112     31  276.5  288.1  277.2
  970.0    458    3.0    0.9     86   4.23    115     29  278.6  290.4  279.3
  952.0    610    3.0    0.2     82   4.09    120     26  280.1  291.6  280.8
  947.0    653    3.0    0.0     81   4.06    129     26  280.5  291.9  281.2
  925.0    843    1.4   -0.7     86   3.95    170     28  280.7  291.9  281.4
  916.8    914    0.9   -0.9     87   3.91    170     30  280.9  292.0  281.6
  882.6   1219   -1.2   -2.0     94   3.75    185     48  281.9  292.6  282.5
  868.0   1352   -2.1   -2.5     97   3.68    189     45  282.2  292.8  282.9
  850.0   1519   -1.7   -2.3     96   3.82    195     41  284.4  295.4  285.0
  837.0   1642   -1.3   -1.9     96   3.99    203     42  286.0  297.6  286.7
  817.6   1829   -0.3   -0.6     98   4.51    215     44  289.0  302.2  289.8
  814.0   1865   -0.1   -0.3     99   4.62    217     43  289.6  303.1  290.4
  787.2   2134    0.5   -0.3     95   4.78    230     39  293.0  307.1  293.8
  781.0   2197    0.6   -0.3     94   4.82    230     41  293.8  308.1  294.6
  757.8   2438   -0.2   -1.6     90   4.50    230     49  295.4  308.9  296.2
  729.5   2743   -1.3   -3.3     86   4.13    240     53  297.5  310.1  298.3
  713.0   2926   -1.9   -4.3     84   3.92    246     55  298.8  310.8  299.5
  702.1   3048   -2.9   -5.4     83   3.66    250     57  299.0  310.2  299.6
  700.0   3072   -3.1   -5.6     83   3.62    250     57  299.0  310.1  299.7
  649.7   3658   -7.0   -8.0     93   3.23    250     56  301.0  311.1  301.6
  632.0   3875   -8.5   -8.9     97   3.10    252     54  301.7  311.4  302.3
  600.3   4267  -10.8  -11.5     95   2.66    255     50  303.6  312.0  304.0
  554.1   4877  -14.3  -15.5     91   2.07    265     37  306.4  313.1  306.8
  500.0   5660  -18.9  -20.7     86   1.48    250     32  309.9  314.9  310.2
  478.0   5993  -20.5  -23.0     80   1.26    239     24  312.0  316.3  312.2
  471.4   6096  -21.4  -24.0     79   1.17    235     22  312.2  316.2  312.4
  458.0   6307  -23.1  -26.1     76   1.00    232     23  312.6  316.0  312.7
  452.1   6401  -23.8  -26.4     79   0.99    230     24  312.8  316.3  313.0
  437.0   6648  -25.7  -27.1     88   0.96    231     26  313.5  316.8  313.7
  400.0   7280  -31.1  -34.5     72   0.52    235     30  314.5  316.4  314.6
  381.1   7620  -34.0  -37.8     68   0.39    235     31  315.1  316.5  315.1
  369.0   7846  -35.9  -40.0     66   0.32    237     33  315.4  316.6  315.5
  355.0   8114  -38.1  -42.0     67   0.27    240     36  316.0  317.0  316.0
  339.0   8431  -38.7  -41.6     74   0.29    243     39  319.4  320.5  319.4
  305.2   9144  -43.9  -48.1     62   0.16    250     46  321.9  322.5  321.9
  300.0   9260  -44.7  -49.2     61   0.14    250     46  322.2  322.8  322.3
  265.6  10058  -51.9  -56.8     56   0.07    255     51  323.1  323.4  323.1
  256.0  10298  -54.1  -59.1     54   0.05    255     52  323.3  323.5  323.3
  250.0  10450  -55.5  -60.4     54   0.04    255     53  323.4  323.6  323.4
  241.4  10668  -57.5  -62.3     55   0.04    255     53  323.6  323.8  323.6
  211.0  11506  -65.3  -69.4     57   0.02    259     63  324.2  324.3  324.2
  200.0  11830  -67.7  -71.6     57   0.01    260     67  325.4  325.4  325.4
  189.0  12170  -69.3  -72.8     60   0.01    260     72  328.1  328.2  328.1
  188.3  12192  -69.0  -72.6     60   0.01    260     73  328.9  328.9  328.9
  187.0  12234  -68.5  -72.2     59   0.01    260     73  330.4  330.4  330.4
  180.0  12464  -65.7  -70.0     55   0.02    256     55  338.6  338.7  338.6
  179.0  12497  -65.2  -70.0     51   0.02    255     53  339.9  340.0  339.9
  177.0  12567  -64.1  -70.1     44   0.02    257     49  342.9  342.9  342.9
  176.0  12602  -61.1  -68.1     39   0.02    259     47  348.3  348.4  348.4
  170.5  12802  -58.3  -71.5     17   0.01    265     37  356.2  356.3  356.2
  169.0  12857  -57.5  -72.5     13   0.01    267     35  358.4  358.4  358.4
  166.0  12971  -55.7  -73.7      9   0.01    271     32  363.2  363.3  363.2
  162.5  13106  -55.2  -76.7      5   0.01    275     28  366.3  366.4  366.3
  162.0  13127  -55.1  -77.1      5   0.01    275     28  366.8  366.8  366.8
  158.0  13287  -55.5  -80.5      3   0.00    272     26  368.7  368.8  368.7
  155.0  13411  -54.3  -80.8      2   0.00    270     24  372.9  372.9  372.9
  154.0  13451  -53.9  -80.9      2   0.00    269     23  374.2  374.2  374.2
  150.0  13620  -54.9  -82.9      2   0.00    265     20  375.3  375.3  375.3
  147.7  13716  -55.6  -83.6      2   0.00    250     18  375.6  375.7  375.7
  138.0  14147  -58.9  -86.9      2   0.00    255     28  377.3  377.3  377.3
  134.1  14326  -57.8  -85.8      2   0.00    275     22  382.4  382.4  382.4
  132.0  14427  -57.1  -85.1      2   0.00    267     22  385.3  385.3  385.3
  127.8  14630  -57.1  -85.5      2   0.00    250     23  388.9  388.9  388.9
  123.0  14874  -57.1  -86.1      1   0.00    258     29  393.2  393.2  393.2
  121.8  14935  -56.4  -85.8      1   0.00    260     30  395.4  395.5  395.4
  117.0  15192  -53.7  -84.7      1   0.00    243     19  405.1  405.1  405.1
  116.1  15240  -53.7  -84.8      1   0.00    240     17  406.0  406.0  406.0
  110.7  15545  -53.7  -85.0      1   0.00    260     19  411.5  411.5  411.5
  105.6  15850  -53.7  -85.3      1   0.00    270     10  417.1  417.2  417.1
  100.7  16154  -53.7  -85.7      1   0.00    235      9  422.8  422.8  422.8
  100.0  16200  -53.7  -85.7      1   0.00    235      9  423.7  423.7  423.7
   96.0  16459  -54.4  -85.9      1   0.00    280     13  427.3  427.3  427.3
   91.9  16741  -55.1  -86.1      1   0.00    248     19  431.3  431.3  431.3
   91.6  16764  -55.0  -86.1      1   0.00    245     20  431.9  431.9  431.9
   87.3  17069  -53.8  -85.7      1   0.00    250     17  440.2  440.2  440.2
   86.8  17106  -53.7  -85.7      1   0.00    248     17  441.2  441.2  441.2
   83.2  17374  -54.5  -86.1      1   0.00    230     13  444.9  444.9  444.9
   79.4  17678  -55.4  -86.6      1   0.00    270     17  449.2  449.2  449.2
   77.1  17863  -55.9  -86.9      1   0.00    282     13  451.8  451.8  451.8
   75.7  17983  -55.5  -86.7      1   0.00    290     11  455.0  455.0  455.0
   72.1  18288  -54.7  -86.3      1   0.00    350     10  463.1  463.1  463.1
   70.0  18480  -54.1  -86.1      1   0.00     10      8  468.3  468.3  468.3
   65.6  18898  -53.3  -85.7      1   0.00     75      3  478.8  478.8  478.8
   60.5  19421  -52.3  -85.3      1   0.00      6      9  492.2  492.3  492.2
   59.7  19507  -52.4  -85.4      1   0.00    355     10  493.8  493.8  493.8
   56.9  19812  -52.9  -85.9      1   0.00     75     16  499.4  499.4  499.4
   54.3  20117  -53.4  -86.4      1   0.00    100     16  505.1  505.1  505.1
   51.8  20422  -53.9  -86.9      1   0.00     35     16  510.8  510.8  510.8
   50.0  20650  -54.3  -87.3      1   0.00     40     20  515.1  515.1  515.1
   47.2  21019  -55.5  -87.5      1   0.00     79     17  520.8  520.8  520.8
   47.1  21031  -55.5  -87.5      1   0.00     80     17  521.0  521.1  521.0
   44.9  21336  -55.4  -87.5      1   0.00     60     25  528.5  528.6  528.5
   38.9  22250  -54.9  -87.3      1   0.00     85     29  551.7  551.7  551.7
   37.1  22555  -54.8  -87.3      1   0.01     65     21  559.6  559.7  559.6
   33.8  23165  -54.5  -87.2      1   0.01     75     24  575.8  575.9  575.8
   32.2  23470  -54.3  -87.2      1   0.01     60     29  584.1  584.2  584.1
   30.7  23774  -54.2  -87.1      1   0.01     75     32  592.5  592.5  592.5
   30.0  23920  -54.1  -87.1      1   0.01     75     33  596.6  596.6  596.6
   29.5  24027  -53.7  -86.7      1   0.01     73     35  600.5  600.6  600.5
   27.9  24384  -54.0  -86.8      1   0.01     65     41  609.4  609.5  609.4
   26.6  24689  -54.2  -87.0      1   0.01     80     39  617.1  617.2  617.1
   23.0  25603  -55.0  -87.3      1   0.01     65     38  640.8  640.9  640.8
   20.0  26500  -55.7  -87.7      1   0.01     75     46  664.9  665.0  664.9
   18.1  27127  -56.6  -88.3      1   0.01     70     50  681.3  681.4  681.3
   17.2  27432  -57.0  -88.7      1   0.01     70     48  689.4  689.5  689.4
   16.4  27737  -57.5  -89.0      1   0.01     85     45  697.5  697.6  697.5
   14.9  28346  -58.3  -89.6      1   0.01     65     44  714.1  714.2  714.1
   13.6  28956  -59.2  -90.2      1   0.01     75     56  731.2  731.3  731.2
   13.4  29028  -59.3  -90.3      1   0.01                733.2  733.3  733.2

Station information and sounding indices

                         Station identifier: YZT
                             Station number: 71109
                           Observation time: 120202/1200
                           Station latitude: 50.68
                          Station longitude: -127.36
                          Station elevation: 17.0
                            Showalter index: 13.37
                               Lifted index: 18.20
    LIFT computed using virtual temperature: 18.38
                                SWEAT index: 241.40
                                    K index: 12.40
                         Cross totals index: 16.60
                      Vertical totals index: 17.20
                        Totals totals index: 33.80
      Convective Available Potential Energy: 0.00
             CAPE using virtual temperature: 0.00
                      Convective Inhibition: 0.00
             CINS using virtual temperature: 0.00
                     Bulk Richardson Number: 0.00
          Bulk Richardson Number using CAPV: 0.00
  Temp [K] of the Lifted Condensation Level: 274.35
Pres [hPa] of the Lifted Condensation Level: 968.94
     Mean mixed layer potential temperature: 276.85
              Mean mixed layer mixing ratio: 4.33
              1000 hPa to 500 hPa thickness: 5448.00
Precipitable water [mm] for entire sounding: 20.56

Description of the data columns or sounding indices.

Courtesy of http://weather.uwyo.edu/upperair/sounding.html
